-969 -851 -873 -1089
-999 -862 -1137 -874
-937 -911 -878 -1109
-932 -999 -915 -959
-971 -836 -915 -1108
-1042 -817 -984 -1084
-1057 -939 -1028 -1049
-906 -968 -876 -1098
-1055 -964 -1038 -963
-984 -932 -1100 -926
-1072 -940 -907 -1041
-1005 -937 -1065 -990
-932 -910 -882 -1095
-1149 -809 -1048 -934
-942 -1007 -963 -862
-1040 -908 -1052 -1048
-906 -1001 -915 -919
-1061 -895 -1074 -1077
-1014 -895 -1023 -1079
-1037 -978 -1085 -981
-1045 -956 -990 -1060
-1008 -892 -947 -1085
-1081 -891 -1098 -923
-1018 -982 -1026 -972
-1035 -897 -1074 -1037
-1023 -931 -1051 -1042
-1073 -954 -967 -981
-1103 -923 -958 -952
-924 -836 -864 -1110
-988 -794 -933 -1098
-1095 -940 -1055 -1010
-1080 -921 -1063 -919
-1034 -921 -1110 -989
-961 -931 -1121 -869
-1039 -862 -1102 -989
-940 -893 -913 -1097
-1129 -850 -1018 -912
-1071 -903 -1122 -980
-954 -869 -896 -1099
-1115 -804 -1116 -901
-955 -897 -831 -1091
-1064 -815 -1151 -909
-1077 -913 -1052 -1011
-1000 -996 -1073 -990
-938 -976 -875 -1021
-1098 -907 -1016 -901
-900 -991 -916 -1036
-904 -831 -950 -1102
-1058 -953 -1088 -989
-987 -921 -1059 -991
-1139 -821 -1072 -991
-1057 -856 -1088 -1041
-1018 -857 -1137 -925
-1092 -878 -1125 -988
-870 -906 -913 -1103
-878 -1003 -938 -998
-995 -817 -933 -1086
-975 -865 -1079 -1005
-911 -1002 -911 -933
-1105 -896 -1035 -992
-1001 -972 -1037 -1038
-1091 -864 -1065 -1048
-1046 -942 -907 -1001
-1121 -867 -1115 -970
-1075 -925 -981 -1031
-1075 -909 -1101 -986
-966 -835 -919 -1094
-1055 -968 -1014 -999
-965 -937 -1100 -875
-933 -975 -879 -1007
-942 -881 -836 -1099
-1104 -897 -969 -992
-1076 -899 -992 -1071
-1040 -898 -1070 -1051
-901 -967 -880 -1084
-1045 -820 -1151 -858
-1003 -776 -910 -1088
-917 -906 -964 -1101
-1054 -994 -1003 -959
-1027 -970 -1037 -1078
-1028 -881 -1102 -1004
-1006 -973 -1033 -1052
-1126 -883 -1057 -1021
