-636 -999 -714 -973 -930
-789 -1016 -699 -998 -842
-807 -1027 -767 -952 -798
-847 -1044 -735 -1050 -725
-738 -985 -806 -959 -843
-724 -1106 -811 -1028 -863
-800 -1052 -740 -1014 -815
-792 -1014 -763 -981 -770
-795 -943 -691 -953 -820
-777 -1104 -654 -936 -711
-860 -948 -629 -941 -684
-777 -1077 -736 -975 -803
-724 -1037 -845 -959 -867
-765 -1038 -721 -1073 -782
-729 -1055 -683 -1094 -714
-789 -935 -578 -1111 -610
-755 -997 -667 -1021 -848
-740 -953 -772 -1036 -752
-849 -998 -654 -984 -676
-740 -1045 -823 -955 -842
-854 -965 -650 -939 -688
-686 -1100 -819 -1004 -832
-850 -988 -660 -941 -665
-671 -1003 -849 -929 -808
-769 -1045 -808 -1005 -842
-775 -1074 -814 -949 -738
-709 -1018 -793 -1045 -726
-763 -1084 -805 -1019 -849
-754 -957 -790 -1022 -705
-783 -989 -654 -1085 -665
-751 -954 -731 -997 -905
-704 -977 -739 -884 -904
-767 -1023 -598 -1114 -685
-847 -973 -628 -952 -750
-784 -1024 -625 -1074 -743
-652 -987 -719 -991 -892
-704 -967 -774 -928 -910
-635 -966 -788 -820 -915
-840 -961 -632 -953 -735
-800 -1007 -771 -991 -723
-760 -1100 -667 -1019 -759
-863 -946 -615 -984 -652
-872 -967 -609 -960 -604
-727 -997 -816 -917 -855
-833 -1040 -717 -1064 -772
-780 -1010 -580 -1100 -669
-782 -1025 -739 -1064 -832
-790 -890 -698 -840 -837
-846 -944 -611 -955 -731
-761 -939 -635 -1070 -801
-788 -982 -627 -1130 -672
-819 -1092 -756 -1064 -796
-705 -997 -829 -909 -886
-743 -1017 -796 -1023 -836
-849 -1029 -630 -927 -702
-857 -946 -577 -980 -677
-783 -1060 -715 -977 -799
-783 -993 -769 -1005 -818
-787 -992 -735 -1019 -844
-839 -988 -638 -956 -753
-842 -980 -655 -907 -743
-759 -1085 -839 -1005 -823
-787 -1037 -818 -991 -752
-744 -1044 -789 -969 -868
-803 -1028 -801 -938 -772
-695 -1014 -775 -1059 -773
-783 -1020 -755 -947 -805
-757 -1062 -652 -1045 -803
-765 -888 -670 -952 -871
-760 -1020 -699 -1109 -737
-738 -1054 -772 -1028 -839
-771 -969 -775 -1009 -765
-877 -981 -609 -913 -631
-786 -1053 -760 -995 -777
-800 -976 -672 -1076 -715
-862 -881 -585 -952 -692
-828 -1004 -719 -1000 -744
-854 -996 -626 -882 -714
-709 -1010 -869 -915 -748
-663 -992 -663 -945 -896
-777 -1022 -788 -960 -806
-729 -1004 -841 -914 -879
-651 -985 -816 -968 -853
-848 -933 -624 -952 -716
-757 -965 -757 -1023 -812
-801 -926 -670 -955 -816
-705 -972 -695 -978 -897
-848 -923 -675 -917 -710
-632 -931 -782 -890 -908
-691 -1067 -815 -959 -844
-765 -1048 -670 -1108 -788
-742 -1053 -738 -1042 -865
-666 -994 -715 -906 -903
-774 -1039 -721 -1001 -847
-774 -1064 -656 -1074 -724
-677 -936 -785 -843 -899
-779 -1062 -777 -925 -682
-769 -1041 -693 -1085 -689
-802 -955 -687 -952 -835
-637 -898 -778 -845 -920
-654 -841 -673 -838 -929
-812 -1096 -748 -977 -794
-642 -899 -872 -919 -736
-850 -951 -605 -965 -614
-782 -1054 -794 -981 -751
-726 -1046 -843 -936 -804
-858 -883 -644 -917 -729
-746 -1107 -736 -1063 -805
-689 -1018 -793 -1039 -736
-611 -991 -844 -963 -732
-728 -929 -778 -1040 -699
-876 -885 -603 -938 -645
-746 -947 -736 -907 -888
-796 -1029 -757 -1050 -785
-819 -1011 -700 -931 -815
-770 -1056 -792 -985 -693
-662 -997 -777 -905 -926
-852 -877 -596 -955 -681
-765 -1059 -784 -918 -792
-751 -1090 -760 -1073 -806
-837 -863 -639 -937 -742
-772 -1055 -792 -1005 -794
-784 -988 -785 -888 -791
-773 -1044 -774 -1019 -868
-837 -1013 -659 -952 -731
-803 -979 -535 -1076 -597
-737 -1076 -764 -1028 -834
-631 -985 -816 -962 -863
-861 -921 -589 -952 -726
-728 -1082 -819 -913 -828
-780 -1047 -635 -1076 -720
-765 -1073 -768 -975 -692
-858 -963 -591 -974 -651
-585 -1013 -791 -890 -909
-768 -1051 -801 -974 -861
-683 -957 -734 -904 -917
-817 -987 -736 -952 -817
-851 -961 -620 -952 -707
-853 -992 -656 -942 -706
-801 -996 -753 -1005 -797
-646 -1035 -807 -849 -886
-773 -1033 -800 -1005 -799
-752 -1089 -831 -918 -821
-713 -1008 -807 -967 -865
-758 -1097 -745 -993 -694
-830 -931 -665 -931 -800
-855 -931 -635 -939 -548
-805 -959 -696 -1086 -716
-632 -1000 -748 -959 -904
-728 -1105 -777 -1042 -889
-853 -900 -620 -907 -728
-737 -1086 -742 -1087 -853
-722 -1030 -820 -962 -843
-797 -997 -787 -991 -771
-747 -1122 -835 -963 -809
-779 -1052 -688 -1094 -741
-692 -923 -798 -850 -911
-760 -1092 -788 -963 -780
-761 -983 -599 -1125 -681
-800 -936 -664 -998 -827
-681 -971 -693 -903 -898
-834 -861 -587 -976 -735
-724 -927 -634 -1111 -596
-651 -987 -866 -942 -828
-802 -971 -636 -1080 -662
-671 -987 -866 -948 -818
-772 -1048 -739 -975 -838
-865 -965 -638 -938 -660
-834 -919 -657 -931 -757
-789 -1011 -758 -973 -852
-675 -1014 -775 -1053 -783
-772 -1039 -630 -1042 -798
-802 -1026 -584 -1095 -659
-627 -983 -788 -913 -893
-739 -1116 -753 -993 -710
-714 -1027 -863 -917 -884
-825 -938 -692 -886 -793
-744 -938 -608 -1110 -743
-788 -1023 -675 -1080 -686
-775 -1084 -763 -984 -744
-679 -1059 -761 -1044 -793
-761 -1060 -818 -904 -766
-854 -896 -619 -909 -689
-775 -987 -617 -1111 -634
-705 -1041 -753 -1049 -815
-623 -1004 -704 -954 -892
-686 -1015 -788 -941 -876
-658 -998 -811 -891 -900
-787 -1047 -767 -1026 -758
-793 -1000 -649 -1094 -717
-786 -1018 -762 -1041 -733
-774 -1055 -758 -999 -719
-677 -974 -755 -902 -921
-671 -978 -742 -950 -890
-833 -959 -661 -931 -791
-731 -970 -758 -910 -893
-680 -958 -853 -934 -763
-824 -1059 -752 -1019 -808
-875 -925 -607 -938 -679
-755 -1037 -675 -1099 -736
-858 -923 -652 -995 -617
-752 -1068 -739 -1049 -798
-770 -1091 -790 -939 -737
-863 -977 -591 -927 -678
-835 -989 -695 -973 -733
-777 -1032 -766 -1019 -825
-751 -1079 -673 -1043 -807
-681 -938 -711 -950 -909
-673 -975 -789 -888 -895
-756 -1057 -756 -1028 -818
-610 -1017 -722 -968 -908
-756 -1067 -705 -1063 -824
-678 -969 -711 -996 -914
-647 -977 -726 -956 -899
-788 -1044 -767 -949 -709
-789 -1031 -574 -1076 -621
-651 -976 -692 -970 -925
-689 -990 -726 -877 -892
-623 -950 -817 -845 -944
-752 -1053 -660 -1089 -750
-847 -963 -679 -917 -744
-795 -1024 -613 -1073 -715
-782 -1015 -761 -1005 -813
-616 -1008 -838 -965 -868
-844 -879 -626 -931 -776
-791 -1036 -784 -1005 -778
-825 -1040 -677 -956 -777
-723 -998 -850 -903 -829
-743 -1115 -719 -1007 -736
-764 -1052 -835 -960 -835
-850 -887 -540 -1006 -649
-730 -1145 -766 -1007 -765
-806 -944 -578 -1073 -700
-742 -1108 -770 -1049 -779
